0,5423493 0,6829865 0,07236131
0,5439765 0,6825539 0,07633388
0,5453289 0,6820489 0,08051449
0,5462257 0,6813015 0,08487096
0,5470073 0,6804483 0,08946466
0,547894 0,6792667 0,09397277
0,548947 0,6780517 0,09879081
0,5499013 0,6765661 0,1050128
0,550844 0,6749423 0,1115856
0,5519055 0,67325 0,1180673
0,5531044 0,6713065 0,1249124
0,554068 0,66903 0,1320045
0,5548369 0,6663171 0,1396681
0,5552569 0,6630307 0,1483266
0,555905 0,659664 0,1574018
0,5565776 0,6554768 0,1671839
0,5572541 0,6504335 0,1772882
0,5578818 0,6452904 0,1867463
0,5583667 0,6390575 0,1962703
0,5588728 0,6325835 0,2063278
0,5594596 0,625864 0,2167353
0,5598327 0,6180751 0,2276911
0,5601071 0,6103843 0,2380358
0,5602938 0,6018876 0,2478051
0,560699 0,5933932 0,2569245
0,5613158 0,5848228 0,2659546
0,5623246 0,5753397 0,2746445
0,5635031 0,5657966 0,2831094
0,5647736 0,5561437 0,2910967
0,5666416 0,5461059 0,2978947
0,5690113 0,5360366 0,3039379
0,5714328 0,5261229 0,3101268
0,5738872 0,5157598 0,3158586
0,5760041 0,5048854 0,3215084
0,5777164 0,4938477 0,3269484
0,5791756 0,483049 0,3317568
0,580865 0,472703 0,3360172
0,5829493 0,4626116 0,3391397
0,5852129 0,4526264 0,3420083
0,5872241 0,44262 0,344448
0,5887951 0,4325743 0,3457461
0,5901616 0,4226117 0,3462088
0,5917298 0,4130863 0,3470217
0,593142 0,4039314 0,3475018
0,5942323 0,3945817 0,3480642
0,5949708 0,3848677 0,3481077
0,5955166 0,3749043 0,3474542
0,5962071 0,3648469 0,3465637
0,5969913 0,3548055 0,345765
0,5981048 0,3445392 0,3451186
0,5992773 0,3338183 0,3442774
0,6002045 0,3229787 0,3429367
0,6006749 0,3121336 0,3410077
0,6010894 0,3013208 0,3387988
0,6016243 0,2906734 0,3362978
0,6024993 0,2800989 0,3334281
0,6036487 0,2692614 0,330158
0,6047521 0,25791 0,3262855
0,6055686 0,2463191 0,3222247
0,6063825 0,2347689 0,318127
0,6072072 0,2232075 0,313892
0,6079152 0,2116371 0,3096545
0,6087229 0,1999886 0,3052316
0,6096724 0,1881729 0,3000182
0,6104952 0,1764796 0,2944654
0,6114733 0,1649029 0,2885211
0,6125222 0,1535311 0,2823359
0,6132019 0,142545 0,2762602
0,6135405 0,1316215 0,270123
0,6137083 0,1206104 0,2637524
0,6138847 0,10981 0,2570286
0,6139815 0,09963161 0,2498357
0,6139023 0,08985269 0,2422827
0,6138209 0,08048403 0,2344088
0,6137375 0,07212496 0,2257099
0,6138797 0,06375223 0,2170137
0,614262 0,05540824 0,2082698
0,6148353 0,0469346 0,1993525
0,6154073 0,03852713 0,1902744
0,6159946 0,03072977 0,1805356
0,616527 0,02357543 0,1702869
0,6169959 0,01738286 0,1596014
0,6174658 0,01208729 0,148639
0,6175946 0,007728338 0,1374637
0,6172676 0,003517747 0,1265789
0,6167832 -0,0005117655 0,1157474
0,6161576 -0,003666401 0,1048174
0,6154283 -0,006293297 0,09413084
0,6146396 -0,00852865 0,0836404
0,613448 -0,009428144 0,07334369
0,612055 -0,009917974 0,06304759
0,6105876 -0,0102247 0,05276844
0,6087899 -0,009720325 0,04244879
0,6072619 -0,009689927 0,03204098
0,6056495 -0,009234071 0,02165085
0,6039724 -0,008843184 0,0112423
0,6021643 -0,008492529 0,0007134378
0,6001799 -0,008062243 -0,009902239
0,5982213 -0,0074898 -0,02078184
0,596467 -0,007115364 -0,03192329
0,5947316 -0,00654912 -0,04364502
0,5928417 -0,005566359 -0,05589104
0,5907305 -0,004127622 -0,06840023
0,5884832 -0,00234735 -0,08081326
0,5859953 -0,0003292561 -0,09280956
0,5831401 0,002184033 -0,1045308
0,5802391 0,005032301 -0,1162793
0,5774651 0,007660508 -0,1281774
0,5747248 0,01050043 -0,140525
0,571802 0,01365578 -0,1534109
0,568785 0,01693916 -0,1660401
0,5654718 0,02068686 -0,178526
0,5618356 0,0247705 -0,190548
0,5580406 0,02907348 -0,2022889
0,554152 0,03355408 -0,2138898
0,5501385 0,03825033 -0,2250884
0,5459678 0,04327828 -0,2357008
0,5416431 0,04882681 -0,2457815
0,5372308 0,05478632 -0,2554478
0,5326886 0,06135309 -0,2647967
0,5280984 0,06839085 -0,2739383
0,5235977 0,0754869 -0,2827624
0,5188955 0,08285242 -0,2905591
0,5141768 0,09016311 -0,2979842
0,5094964 0,09738249 -0,3053263
0,5048118 0,1045045 -0,3124088
0,5002899 0,1116307 -0,3190105
0,4957998 0,1188994 -0,3255991
0,4911908 0,1270717 -0,3316561
0,4863479 0,1360478 -0,3377222
0,4813108 0,1455033 -0,3438981
0,4760474 0,1557131 -0,349895
0,4706777 0,1661249 -0,355763
0,4652832 0,1766722 -0,3613155
0,4598001 0,18742 -0,3663328
0,4545598 0,1980096 -0,3710787
0,4495783 0,2086096 -0,3749758
0,4447176 0,2190359 -0,3786905
0,440111 0,2297865 -0,3818529
0,4357268 0,2409006 -0,3846221
0,4317744 0,2527251 -0,3867687
0,4280235 0,2649719 -0,3883823
0,4247924 0,2780854 -0,3886701
0,4215949 0,2910592 -0,3890795
0,4185505 0,3045787 -0,3884276
0,4151053 0,318378 -0,388248
0,411732 0,3324445 -0,3881418
0,40869 0,3475544 -0,3866897
0,4058152 0,3627098 -0,3847862
0,4033518 0,3786891 -0,3809672
0,4013279 0,3944468 -0,3762928
0,3995005 0,4097469 -0,3719318
0,3984385 0,4249328 -0,3663914
0,3978564 0,4397575 -0,3600376
0,397817 0,4541739 -0,3528737
0,3984623 0,4682543 -0,3449946
0,3992885 0,4822392 -0,3366369
0,4007863 0,4958804 -0,3268806
0,402894 0,5091439 -0,3156927
0,4047213 0,52238 -0,3044576
0,4068996 0,5350536 -0,2920265
0,4090574 0,54709 -0,2793248
0,4112956 0,5584569 -0,2660645
0,41392 0,5688559 -0,252106
0,4167848 0,5786319 -0,2382981
0,4199949 0,5874937 -0,2243618
0,4232336 0,595705 -0,2100494
0,4262051 0,6033722 -0,1954993
0,429046 0,6105033 -0,1811834
0,4316438 0,6171069 -0,1670284
0,4340448 0,6239173 -0,1529014
0,4360214 0,6289678 -0,1390061
0,4381064 0,6337577 -0,125471
0,4401816 0,6380752 -0,1120489
0,4421707 0,6420459 -0,09904426
0,4440115 0,6453053 -0,08626273
0,4457121 0,6486399 -0,07349974
0,4472242 0,6512395 -0,06127542
0,4486722 0,6533196 -0,04944301
0,4500903 0,6548493 -0,03797331
0,4518539 0,655975 -0,02685544
0,4539451 0,6568359 -0,01620993
0,4561354 0,6575525 -0,006043166
0,4582543 0,6578872 0,003344178
0,4605137 0,6580225 0,01207465
0,4629518 0,6571802 0,01910126
0,4661547 0,6561481 0,02606952
0,4699636 0,6548854 0,03364989
0,4745316 0,6524765 0,04115048
0,4785661 0,6501293 0,04856968
0,4820308 0,6479731 0,05511412
0,4850111 0,6459552 0,0606426
0,4877431 0,6443229 0,06619599
0,4895501 0,6430746 0,07100031
0,4904397 0,642287 0,07558605
0,4909924 0,6418055 0,07978418
0,4908139 0,6417027 0,08325574
0,4903901 0,6417592 0,08569008
0,4905835 0,6417854 0,08780673
0,4908346 0,6419516 0,08889255
0,4912774 0,6423427 0,089569
0,4916899 0,643146 0,09000036
0,4917839 0,6440089 0,08982241
0,4919639 0,6446137 0,09008241
0,4919226 0,6455084 0,09019315
0,4911923 0,6465909 0,09023491
0,4903965 0,6476161 0,09046337
