0,4207052 0,1888841 0,7002557
0,4200213 0,1873302 0,70055
0,4195251 0,1860714 0,7006563
0,4192154 0,1849965 0,7003804
0,4192273 0,1839665 0,69998
0,4198177 0,1836786 0,6997234
0,4200961 0,1829871 0,6996111
0,420204 0,1823372 0,6994948
0,4202193 0,1814708 0,6995275
0,4203211 0,1807055 0,6996354
0,4204988 0,1795272 0,6996577
0,4211158 0,1768515 0,6995106
0,4215468 0,1753341 0,6991197
0,4217539 0,1731773 0,6986594
0,4215 0,1705121 0,6985612
0,4208128 0,1672012 0,698679
0,4197217 0,1631914 0,6988583
0,4182732 0,1583499 0,6991016
0,4168236 0,1537542 0,6989083
0,4149785 0,1486526 0,6983721
0,4128636 0,1429914 0,6977345
0,4107385 0,1373285 0,6972289
0,4081883 0,1310455 0,6969338
0,4054239 0,1244801 0,6966344
0,4026716 0,1177998 0,6960344
0,4004015 0,111083 0,6948701
0,3988165 0,1043206 0,6929941
0,3979038 0,09738791 0,6905172
0,3970214 0,09055078 0,6880818
0,3966838 0,08303338 0,6851416
0,3961522 0,07517475 0,6825889
0,3955081 0,066944 0,6798525
0,3945209 0,05902386 0,6767775
0,393368 0,0515604 0,6732267
0,3924755 0,04457605 0,6690421
0,3920852 0,03775096 0,6645675
0,3928739 0,03114611 0,6590138
0,3944311 0,02476966 0,6536021
0,3961966 0,01907468 0,6481635
0,3986197 0,01451373 0,6422645
0,401863 0,01076317 0,6361004
0,4045696 0,006331742 0,6302804
0,4072113 0,001896024 0,6241248
0,4095508 -0,002841473 0,6178155
0,4114947 -0,007707298 0,6115423
0,4131037 -0,01285732 0,6051246
0,4146909 -0,01824915 0,5985709
0,4163743 -0,02372372 0,591621
0,4187128 -0,02949297 0,5844306
0,4219313 -0,03564858 0,57711
0,4258793 -0,04246253 0,5696855
0,4302192 -0,05000323 0,5625831
0,4346359 -0,05804563 0,5555959
0,4390115 -0,06609702 0,5483814
0,4438129 -0,07427627 0,5410239
0,4489178 -0,08207357 0,5335697
0,4549092 -0,08949411 0,5258215
0,461621 -0,09606171 0,517718
0,46795 -0,1021447 0,5095957
0,4742994 -0,1073471 0,5012043
0,4804097 -0,1113475 0,4924437
0,4863649 -0,1153439 0,483681
0,492467 -0,1187965 0,4749136
0,4986974 -0,1215199 0,4660593
0,5047005 -0,1240663 0,4571698
0,510593 -0,1256188 0,4479753
0,5164824 -0,1267956 0,4385915
0,5225563 -0,127838 0,4291676
0,5288453 -0,1291703 0,4196481
0,5352295 -0,1301488 0,4097822
0,5416738 -0,1306684 0,3997182
0,5480942 -0,1307213 0,3896444
0,554291 -0,1303132 0,3797162
0,5603402 -0,129652 0,3698955
0,5663751 -0,1281486 0,3600368
0,5724621 -0,1265683 0,3500424
0,5787329 -0,1242683 0,3399291
0,5852048 -0,1220472 0,329744
0,5917252 -0,1198822 0,3194535
0,5984569 -0,1172484 0,3088957
0,6052783 -0,1146852 0,2983213
0,6119994 -0,1115346 0,287638
0,6184922 -0,1075609 0,2770458
0,6251308 -0,1026357 0,2665533
0,6322122 -0,0976184 0,2560048
0,6396309 -0,09159267 0,2453108
0,6469054 -0,08420348 0,2343227
0,6540815 -0,07681048 0,2233631
0,6610448 -0,06838 0,2125337
0,6678012 -0,05970651 0,2020912
0,6743122 -0,0500406 0,1920083
0,6805629 -0,03921837 0,1820446
0,6866415 -0,02857751 0,1721571
0,6917006 -0,01657981 0,1631666
0,6960057 -0,004513502 0,1552975
0,7003361 0,007028103 0,147878
0,7041302 0,01864344 0,1420706
0,707711 0,02983618 0,1368944
0,7111187 0,04106718 0,1322582
0,713979 0,05300254 0,1286663
0,7161843 0,06596065 0,1262632
0,7184312 0,07900202 0,1239017
0,720306 0,09246212 0,1227789
0,7219355 0,1062168 0,1223552
0,7232541 0,1199538 0,1225114
0,7242892 0,1333683 0,1233081
0,7249015 0,1464377 0,1249669
0,7250673 0,159286 0,1272519
0,7249911 0,1723153 0,130172
0,72506 0,185912 0,1325615
0,7249693 0,1998991 0,1349496
0,7244751 0,2142101 0,1377326
0,7236893 0,2284585 0,1408095
0,722385 0,242653 0,1442525
0,7208593 0,2565901 0,14766
0,7191046 0,2703168 0,1512796
0,7169577 0,2840777 0,1549932
0,714429 0,2978386 0,1587164
0,711344 0,3117159 0,1626415
0,7080384 0,32534 0,1666626
0,7047121 0,3385141 0,1709224
0,701363 0,3515054 0,175268
0,6974189 0,3641396 0,1800498
0,6925122 0,375992 0,1857112
0,6878514 0,3874473 0,1916295
0,6829861 0,3979061 0,1983237
0,6778222 0,4078196 0,2057291
0,6722441 0,4172326 0,213758
0,6663603 0,4261595 0,2220124
0,6603423 0,4346204 0,2301706
0,654268 0,4429247 0,2381995
0,6479269 0,450408 0,2465808
0,6414828 0,4572536 0,2553888
0,6345536 0,4634438 0,264542
0,6272471 0,4686419 0,274034
0,6202776 0,4734492 0,2833221
0,6134547 0,4775619 0,2925464
0,6065866 0,4811137 0,3019934
0,5999774 0,4841585 0,3115905
0,5934507 0,4867584 0,321418
0,5868558 0,4891891 0,3312946
0,5801812 0,4916661 0,3407498
0,5733529 0,4941509 0,3495038
0,5661703 0,4966684 0,3578947
0,5589973 0,4989401 0,3653331
0,5517579 0,501216 0,3724988
0,5444367 0,5034238 0,379584
0,5371513 0,5053209 0,3868737
0,5297856 0,5069002 0,3945143
0,5220793 0,5079914 0,4022139
0,514667 0,5090684 0,4095888
0,5074478 0,5099062 0,4163527
0,5002277 0,5104474 0,4224484
0,4931167 0,510936 0,4288881
0,4860693 0,5107551 0,4358289
0,4785622 0,5097827 0,4434319
0,4707196 0,5082024 0,4512691
0,4629334 0,5062798 0,4588192
0,4555638 0,5041715 0,4661387
0,4484787 0,5018408 0,4735058
0,4413525 0,4992573 0,4807318
0,434091 0,4964796 0,4875783
0,4268444 0,4932383 0,4939813
0,4196147 0,4896072 0,5001881
0,4126036 0,4855999 0,506593
0,4060435 0,4805133 0,5132486
0,3997818 0,4745941 0,5202017
0,393727 0,4677622 0,5271972
0,3877777 0,4606536 0,5339819
0,3826059 0,4523848 0,540259
0,37759 0,4436752 0,5467179
0,3726535 0,4341214 0,5533747
0,3678338 0,4239436 0,5598475
0,363488 0,4135626 0,5657824
0,3602697 0,4031062 0,5710472
0,3578973 0,3930228 0,5762493
0,3559822 0,3825181 0,5816191
0,3537502 0,371445 0,5869579
0,3514965 0,3591918 0,5915961
0,3491901 0,3470601 0,5958428
0,3478962 0,334666 0,5997632
0,3474345 0,321876 0,6041626
0,3471496 0,3082761 0,6085914
0,347049 0,2942939 0,6127005
0,3475345 0,2803831 0,6163166
0,348948 0,2670156 0,6192027
0,3509721 0,2540655 0,6218114
0,3526932 0,2409487 0,6238114
0,3540781 0,2277555 0,6253353
0,3556049 0,2145908 0,6265804
0,35787 0,2015648 0,6274222
0,360107 0,1884185 0,6284323
0,3625968 0,1746546 0,6294498
0,3651729 0,1600553 0,630444
0,3674955 0,1457167 0,6311419
0,3697858 0,131923 0,6309347
0,3726467 0,119289 0,630098
0,3757775 0,1071669 0,6293173
0,3793423 0,09631222 0,6279386
0,3829371 0,08562088 0,6265793
0,3870845 0,07584512 0,6245421
0,3914891 0,06633246 0,6223295
0,3961903 0,05750644 0,6196996
0,4009315 0,04938132 0,6168574
0,4052505 0,04170817 0,6138447
0,4092218 0,03407699 0,6109114
0,4129773 0,02745795 0,6076645
0,4168705 0,02136171 0,6043752
0,4210483 0,0154829 0,6009806
0,4258854 0,01055139 0,5973387
0,4309639 0,005303204 0,5938635
0,4362869 0,0006946325 0,5904039
0,4414299 -0,003486037 0,586878
0,4465065 -0,007178545 0,5832623
0,4513436 -0,01053596 0,5796406
0,45598 -0,01309162 0,5760223
0,4603797 -0,01523554 0,5725827
0,4642991 -0,01708448 0,5694491
0,4673238 -0,01863587 0,566496
0,4695479 -0,01993597 0,563754
0,4712864 -0,02098966 0,5614806
0,4729304 -0,02160239 0,5596069
0,4742646 -0,02152848 0,5579873
0,4753485 -0,02076256 0,5565372
0,4762758 -0,01968819 0,555273
0,4768938 -0,01866364 0,5540955
0,4772654 -0,01798248 0,5530413
0,4775173 -0,01789171 0,5522606
0,4776919 -0,01819241 0,5521104
0,4772542 -0,01840252 0,5530158
0,4789076 -0,01882517 0,5512588
0,4796475 -0,01895612 0,5505522
0,4796506 -0,01882261 0,5502056
0,4793625 -0,01868546 0,5499
0,4788641 -0,01854956 0,5495692
0,4783252 -0,01860571 0,5494334
0,4779888 -0,01896209 0,5494323
0,4778232 -0,01941013 0,549576
0,4778643 -0,01960045 0,5498822
0,4775654 -0,02018893 0,5498695
0,4773669 -0,02079272 0,5500151
0,4772087 -0,02117544 0,550076
0,4765736 -0,02215427 0,5501912
0,4759972 -0,02300012 0,5504785
0,4758526 -0,02321351 0,5506424
0,4758214 -0,02327466 0,5507567
0,4754518 -0,02407426 0,5510827
0,4751614 -0,02482259 0,5513765
0,4751292 -0,02519345 0,5516254
0,4753454 -0,02483755 0,5515847
0,4751281 -0,0252856 0,5518536
0,4749185 -0,02565742 0,5522661
0,474922 -0,02560151 0,5524151
0,4749592 -0,02556908 0,5524319
0,4749208 -0,02572775 0,5525496
0,4746693 -0,02627987 0,5529504
0,4744473 -0,02666336 0,5532505
0,4743476 -0,02654409 0,5533512
0,4743214 -0,02635336 0,5533752
0,4743552 -0,02622283 0,5534437
0,4743243 -0,02605855 0,5536737
0,474256 -0,02585155 0,5539029
0,4741415 -0,02547967 0,5542357
0,4740339 -0,02508521 0,5545715
0,4736862 -0,02457738 0,5551587
0,4732101 -0,02450228 0,5553278
0,4726543 -0,02433813 0,5554671
0,4720605 -0,02417928 0,5556004
