0,6537247 0,285152 0,427309
0,6510119 0,2854333 0,4311388
0,6476015 0,2859685 0,4352165
0,6429265 0,286826 0,4400038
0,6383355 0,2872954 0,4451143
0,6337142 0,2877946 0,4502572
0,6283437 0,2883933 0,4557621
0,6229495 0,2888743 0,4611762
0,6174517 0,2892582 0,4667321
0,6111661 0,2894555 0,4727868
0,6050292 0,2893511 0,4786991
0,5980765 0,2886498 0,4848347
0,5912063 0,2879075 0,4904492
0,5844556 0,2869629 0,495746
0,5776576 0,2854889 0,5007046
0,570587 0,283428 0,5055635
0,5635478 0,2810122 0,5107008
0,5563033 0,2774748 0,5158221
0,5492647 0,2732608 0,5208566
0,5424834 0,2687507 0,525316
0,5363832 0,2640898 0,529287
0,5308034 0,2593071 0,5329618
0,525454 0,2540982 0,5364834
0,5201802 0,2484221 0,5398274
0,5153601 0,2421113 0,5425828
0,5109676 0,2359941 0,5450251
0,5077597 0,2298827 0,5462046
0,5048025 0,2242202 0,5471469
0,502686 0,2182091 0,5475829
0,500147 0,2115744 0,5484351
0,497361 0,2044396 0,5494177
0,4945993 0,1963606 0,5502594
0,4917011 0,188642 0,5507172
0,4890597 0,1813231 0,5506755
0,4870744 0,1740634 0,5499176
0,4852045 0,1666279 0,549286
0,4832501 0,1588582 0,5489074
0,4815041 0,1502987 0,5485898
0,4795409 0,1414908 0,5483423
0,4773483 0,1328387 0,5477464
0,4752726 0,1243911 0,5467553
0,473571 0,11606 0,5453885
0,4720158 0,1075933 0,5440817
0,4701838 0,09875762 0,5429363
0,4681573 0,08973086 0,5419888
0,4660438 0,08041048 0,5409235
0,4643323 0,07127905 0,5394322
0,4627662 0,06284451 0,5376475
0,4618427 0,05492103 0,5353627
0,4617906 0,04740071 0,5327892
0,4614023 0,03968966 0,5304675
0,4607018 0,03149849 0,5282377
0,4595405 0,02274382 0,5263951
0,458293 0,01401436 0,524434
0,4574021 0,005530775 0,5221289
0,4569246 -0,002196014 0,5193791
0,4566873 -0,0096488 0,5165211
0,4568996 -0,01678979 0,5133809
0,4571745 -0,02373821 0,5101027
0,4573712 -0,03046298 0,50671
0,4575743 -0,03658634 0,5031539
0,4577401 -0,04238278 0,4995054
0,4584106 -0,04667962 0,4952342
0,4590859 -0,05126631 0,4909766
0,4596484 -0,0558883 0,4865699
0,459902 -0,06079984 0,4821396
0,4602647 -0,06610703 0,4776345
0,4608921 -0,07147634 0,4730555
0,462034 -0,07655501 0,46823
0,4637921 -0,08092636 0,4629734
0,4656481 -0,0849359 0,4576074
0,4678694 -0,08868873 0,4518612
0,470397 -0,09258902 0,4458173
0,4728157 -0,0967415 0,439847
0,4755155 -0,1007732 0,4336188
0,4786432 -0,1046032 0,4271059
0,4818416 -0,1084254 0,4204995
0,4854035 -0,1120867 0,4133851
0,4886104 -0,1155667 0,4061176
0,491604 -0,1189719 0,3985798
0,4946963 -0,1223457 0,3907307
0,4980979 -0,125723 0,3825272
0,5018262 -0,1290294 0,3739622
0,5058684 -0,1319903 0,3650266
0,5098499 -0,1345841 0,3560225
0,5137464 -0,1365935 0,3464364
0,5175514 -0,1387703 0,3368448
0,5213916 -0,1409734 0,3267769
0,5253307 -0,143273 0,3164473
0,5293569 -0,1454003 0,3062357
0,5334857 -0,1471213 0,2958643
0,537693 -0,148352 0,2853003
0,5419542 -0,1491823 0,2745495
0,5460235 -0,1497234 0,2636405
0,5499905 -0,1501329 0,2525864
0,5540919 -0,1506115 0,2413766
0,5584255 -0,150795 0,2298968
0,5629241 -0,1506171 0,218217
0,5672722 -0,1503619 0,2065431
0,5713767 -0,1496512 0,1947836
0,5752424 -0,1489812 0,1833056
0,5790254 -0,1483945 0,1718672
0,5826368 -0,1475133 0,1604127
0,5863835 -0,1463862 0,1489366
0,5902054 -0,1445457 0,1374793
0,5940154 -0,1415994 0,1262068
0,5976301 -0,1382303 0,1153162
0,6009597 -0,1347542 0,104867
0,6040645 -0,1309611 0,09492201
0,6072313 -0,127004 0,08533749
0,6103992 -0,1227106 0,07585534
0,6136172 -0,1180507 0,06649083
0,6166996 -0,1129023 0,05724806
0,6196131 -0,1074232 0,04813161
0,6222166 -0,1010507 0,03971288
0,6249074 -0,09468651 0,03147402
0,6277038 -0,08824563 0,02315095
0,6303433 -0,08117306 0,01531363
0,6328646 -0,07426751 0,007689834
0,6352779 -0,06742716 0,0004840791
0,6374774 -0,06019002 -0,005951643
0,6398873 -0,05285525 -0,01250011
0,6422684 -0,04471231 -0,01902935
0,6446221 -0,03599483 -0,02573553
0,6468582 -0,0270704 -0,03226718
0,6489289 -0,01802826 -0,03807959
0,6506622 -0,008717358 -0,0433512
0,6521729 0,0006343722 -0,04824978
0,6537963 0,009888411 -0,05278459
0,6554316 0,01926327 -0,05682692
0,6569242 0,02906454 -0,06030187
0,6583517 0,03925407 -0,06344992
0,659722 0,04987752 -0,06625882
0,661122 0,06045401 -0,06903926
0,6622905 0,07134438 -0,07104373
0,6636566 0,08213091 -0,07279027
0,664916 0,0929566 -0,07442629
0,6660399 0,1040235 -0,07522225
0,6672006 0,1150217 -0,07583812
0,6681513 0,1262508 -0,07530665
0,6691695 0,1375442 -0,07395777
0,6701093 0,1489885 -0,07190779
0,6708999 0,1606677 -0,06926301
0,6715555 0,1725675 -0,0660437
0,6721026 0,1844385 -0,06267384
0,6725507 0,1960912 -0,0589551
0,6731174 0,207539 -0,05517143
0,673499 0,2191277 -0,05046919
0,6735033 0,2309916 -0,04557019
0,6732969 0,2429453 -0,04034346
0,6730599 0,2547202 -0,03470302
0,6728043 0,266301 -0,02861291
0,6721898 0,2775968 -0,02126351
0,6713482 0,2886357 -0,01381722
0,6704267 0,299468 -0,006641418
0,6693164 0,3098779 0,0006632209
0,6679442 0,3199508 0,008042514
0,6664716 0,3298849 0,01513889
0,6648834 0,3396059 0,02223757
0,6630008 0,3490698 0,02940911
0,6612152 0,358067 0,03685397
0,6595804 0,3664972 0,04489103
0,6579428 0,3745266 0,053534
0,6561249 0,3822027 0,06283352
0,6539856 0,3896089 0,0723474
0,6517977 0,3968759 0,08167702
0,6494803 0,4036107 0,09121847
0,6468399 0,4098647 0,1011002
0,6441541 0,4161 0,1109965
0,6412328 0,4215376 0,1214156
0,6385137 0,4267274 0,131948
0,6356871 0,4315857 0,1425254
0,632543 0,4359134 0,1529199
0,6294981 0,4400982 0,1630173
0,6263016 0,4440508 0,1729364
0,6229556 0,4473259 0,1827509
0,6197424 0,4500654 0,192683
0,6167316 0,452096 0,2030116
0,613782 0,4535148 0,2134819
0,6107653 0,454615 0,2240334
0,6076201 0,4554182 0,2344834
0,6041624 0,4560148 0,2448639
0,6002428 0,4565113 0,255138
0,5960436 0,4566756 0,2653422
0,5919011 0,4561912 0,2754346
0,5881239 0,4556799 0,2854245
0,584362 0,4545929 0,2951262
0,5806975 0,452984 0,3045155
0,5771512 0,4513934 0,31387
0,573709 0,4492214 0,322998
0,5703957 0,4463621 0,3320301
0,5669873 0,4434071 0,3412772
0,563455 0,4397252 0,3505434
0,5599508 0,4356601 0,3596786
0,5566326 0,431592 0,3684751
0,5534554 0,4271022 0,3766291
0,5502324 0,4227483 0,3845237
0,5471097 0,417929 0,3922075
0,5439608 0,412677 0,4000238
0,5409175 0,4072264 0,407714
0,5381986 0,4011922 0,4150359
0,5360802 0,3945841 0,422128
0,5340144 0,3878955 0,4292486
0,5321411 0,3807191 0,4362045
0,5304247 0,3734662 0,4427853
0,5286856 0,3668438 0,4491837
0,5274068 0,3604776 0,4545422
0,5258844 0,3544329 0,4598914
0,524008 0,3485738 0,4649626
0,5219312 0,342801 0,4698758
0,5199444 0,3373513 0,4740585
0,5183749 0,3320353 0,477947
0,5171803 0,3265452 0,4816054
0,5160306 0,3206417 0,4853323
0,5151573 0,3143393 0,4888303
0,5142628 0,3081459 0,4921292
0,5137377 0,3023593 0,4950777
0,513381 0,2970682 0,4975467
0,5130404 0,2919356 0,4999504
0,512777 0,2867984 0,5021074
0,5125024 0,2818365 0,5041052
0,5121453 0,2771361 0,5059161
0,5122282 0,2732722 0,5072141
0,5126281 0,2703176 0,5079796
0,5131687 0,2675474 0,5086443
0,5138125 0,2647095 0,5093415
0,5144498 0,261793 0,5100111
0,5150263 0,2588688 0,5106113
0,5156222 0,2561215 0,5110461
0,5162503 0,253651 0,5114642
0,5168965 0,2518235 0,5115968
0,5174719 0,2503282 0,5117221
0,518083 0,2492167 0,5117375
0,5187176 0,2482086 0,5116959
0,5194259 0,2475183 0,5115048
0,5197209 0,2475711 0,5110795
0,5198837 0,247485 0,5109123
0,5202687 0,247226 0,5104903
0,520594 0,2485036 0,5097751
0,5211991 0,2497495 0,5089375
0,5221515 0,2512776 0,5079841
0,5232828 0,2526284 0,5070344
0,5247189 0,2540765 0,5060064
0,5259505 0,2552859 0,5050349
0,5267985 0,2564616 0,504168
0,5271218 0,2580826 0,5032793
0,5271664 0,2601292 0,5023171
0,5270782 0,2623847 0,5013431
0,526609 0,2650542 0,5002664
0,5260064 0,2674392 0,4993576
0,5252982 0,2696938 0,4984416
0,5245215 0,2717528 0,4975668
0,5238562 0,273973 0,4965167
0,5234014 0,2764158 0,4952562
0,5229551 0,2790663 0,4936159
